12345678901234567890
23456789012345678901
34567890123456789012
45678901234567890123
56789012345678901234
67890123456789012345
78901234567890123456
89012345678901234567
90123456789012345678
11223344556677889900
99887766554433221100
13579246802468135791
98765432109876543210
55555555555555555555
12312312312312312312
98765432101234567890
11112222333344445555
87654321098765432109
44444444444444444444
98765432123456789012
87654321012345678901
98765432111111111111
22222222222222222222
33333333333333333333
44444444444444444444
55555555555555555555
66666666666666666666
77777777777777777777
88888888888888888888
99999999999999999999